0,281
0,280
0,277
0,274
0,268
0,266
0,264
0,262
0,261
0,260
0,259
0,258
0,386
0,257
0,256
0,255
0,254
0,253
0,252
0,251
0,250
0,239
0,238
0,237
30,5
0,236
0,233
0,232
30,4
30,3
30,2
0,231
30,1
30,0
0,229
0,228
0,227
29,5
0,226
0,223
0,222
0,221
29,4
0,220
0,217
0,216
29,3
29,2
0,215
29,1
29,0
0,214
0,212
0,211
28,3
28,2
0,210
28,1
28,0
0,209
0,208
27,3
27,2
0,207
27,1
27,0
0,206
0,205
26,3
26,2
26,1
26,0
0,201
0,308
0,200
0,306
25,10
0,305
0,300
0,195
0,194
25,9
0,297
0,61
0,60
25,8
0,291
0,288
0,2
0,55
0,54
25,7
0,282
0,49
0,313
0,48
0,312
25,6
0,279
0,311
0,310
25,5
25,4
25,3
25,2
0,319
0,202
25,1
25,0
0,307
0,199
0,304
0,198
0,302
0,318
0,197
0,317
0,196
24,5
0,299
0,296
0,295
24,4
24,3
24,2
0,294
24,1
24,0
0,292
0,316
0,59
0,58
23,5
0,289
0,286
14,3
0,285
13,3
0,272
0,271
23,4
23,3
23,2
0,12
0,11
0,275
0,276
0,10
0,9
0,284
0,8
23,1
23,0
0,7
3,3
0,51
10,313
0,546
0,243
10,312
10,311
0,545
10,310
0,544
10,309
10,308
0,543
10,307
0,542
10,306
10,305
0,541
11,29
10,304
0,540
10,303
0,539
10,302
8,18
10,301
0,538
10,300
0,537
10,299
0,536
10,298
10,297
0,535
10,296
0,534
10,295
10,294
0,533
10,293
11,28
0,532
10,292
10,291
0,531
10,290
0,530
10,289
10,288
0,529
10,287
0,528
10,286
10,285
0,527
10,284
0,526
10,283
10,282
0,525
10,281
0,524
10,280
10,279
11,27
