0,555
0,554
0,551
0,549
0,548
0,544
0,540
185,40
185,37
185,39
0,529
0,524
254,53
254,52
176,4
298,5
185,38
0,523
0,522
0,520
0,519
0,517
185,16
185,24
185,18
185,27
333,35
125,80
125,79
125,78
125,77
125,76
125,75
125,74
125,73
125,72
125,71
125,70
125,69
125,68
125,67
125,66
125,65
125,64
125,63
125,62
125,61
125,60
125,59
125,58
125,57
125,56
125,55
125,54
125,53
125,52
125,51
125,50
125,49
125,48
125,47
125,46
125,45
125,44
125,43
125,42
125,41
125,40
125,39
125,38
125,37
125,36
125,35
125,34
125,33
125,32
125,31
125,30
125,29
125,28
125,27
125,26
125,25
125,24
125,23
125,22
125,19
125,17
125,6
125,1
105,1
105,3
26,1
25,8
25,7
25,5
25,3
25,1
20,3
20,2
20,1
19,2
19,3
19,1
14,15
14,9
14,8
12,3
12,2
12,1
11,28
11,26
11,24
11,22
11,12
11,10
11,4
11,3
11,2
11,1
10,260
10,242
10,208
10,206
10,174
10,124
10,110
10,70
10,3
10,1
9,7
9,6
9,4
18,1
9,2
18,3
9,1
8,15
8,11
8,8
8,7
8,6
8,4
8,3
8,2
8,1
3,1
3,3
3,2
0,533
0,527
2,2
0,526
0,518
0,515
0,451
2,1
2,3
185,11
14,5
271,3
271,1
13,1
271,4
185,19
185,21
185,17
185,14
185,15
185,22
185,7
185,26
185,6
185,5
185,1
185,29
185,3
185,4
0,453
0,273
0,270
0,0
13,3
14,11
14,1
14,16
14,3
129,1
129,3
187,1
187,3
0,507
0,9
0,513
0,512
333,34
333,33
333,32
333,31
333,30
333,29
333,28
333,27
333,26
333,25
333,24
333,23
333,22
333,21
333,20
333,19
333,18
333,17
333,16
333,15
333,14
333,13
333,12
333,11
333,10
333,9
333,8
333,7
333,6
333,5
333,4
333,3
333,2
333,0
0,545
0,276
0,275
0,272
0,271
0,12
0,392
0,10
0,8
0,466
0,449
0,268
0,315
0,448
0,267
0,506
0,447
0,266
0,456
0,446
0,265
0,302
0,445
0,264
0,535
0,444
0,263
0,560
0,443
0,262
0,537
0,442
0,261
0,550
0,441
0,260
0,547
0,440
0,259
0,432
0,439
0,258
0,530
0,438
0,257
0,469
0,437
0,256
0,481
0,436
0,255
0,455
0,435
0,254
0,501
0,434
0,253
0,314
0,433
0,252
0,543
0,559
0,251
0,516
0,431
0,250
0,483
0,430
0,249
0,475
0,429
0,248
0,482
0,428
0,247
0,558
0,427
0,246
0,401
0,426
0,245
0,468
0,425
0,244
0,493
0,424
0,242
0,294
0,423
0,241
0,542
0,422
0,240
0,474
0,421
0,239
0,492
125,81
125,82
125,84
125,85
125,87
125,128
125,130
125,132
125,133
146,3
146,1
155,4
157,1
157,4
176,6
8,16
8,13
8,17
176,14
176,15
176,17
176,18
183,3
185,9
185,10
185,13
185,20
185,25
185,28
185,31
188,1
211,1
9,3
9,5
211,10
211,13
211,14
211,16
211,17
211,19
211,20
211,22
211,24
211,25
211,27
211,28
211,30
211,32
211,33
211,35
211,36
211,38
211,40
211,41
211,44
211,46
211,49
211,51
211,54
211,57
211,59
11,27
211,62
11,25
213,4
11,7
213,1
213,5
220,4
220,8
220,12
10,2
222,9
222,13
10,313
10,111
10,101
223,8
223,1
10,299
10,275
224,8
247,1
247,577
247,580
247,585
247,586
247,591
247,598
247,599
247,604
247,607
247,612
247,617
247,620
247,624
247,628
247,632
247,634
247,640
247,644
247,647
247,651
247,655
247,659
247,664
247,667
247,672
247,674
247,680
247,704
247,708
247,713
247,716
247,721
247,724
247,729
247,734
247,737
247,769
247,771
247,776
247,779
247,783
247,788
247,791
247,796
247,798
247,802
247,809
247,810
247,815
247,818
247,823
247,826
247,831
247,836
247,839
247,844
247,845
247,852
247,856
247,858
254,1
254,29
254,35
254,40
254,43
254,48
254,49
258,1
258,10
259,17
259,22
259,25
260,9
272,3
298,1
298,11
298,12
298,15
298,17
298,20
298,22
298,25
298,28
298,30
298,33
298,34
298,37
298,155
298,321
298,331
298,332
298,374
298,376
298,384
298,387
298,388
298,392
298,393
298,396
298,400
298,401
298,404
298,406
298,409
298,412
298,414
298,417
298,419
298,422
298,423
298,426
298,438
298,440
298,443
298,444
298,448
298,451
298,452
298,456
298,457
298,460
298,462
298,465
298,468
298,470
298,473
298,474
298,477
298,515
298,517
298,519
298,521
298,524
298,526
298,529
298,532
298,534
298,552
298,553
298,559
298,563
298,564
298,567
298,569
298,572
298,574
298,578
298,582
298,585
298,590
298,593
298,598
298,602
298,606
298,610
298,612
298,618
298,623
298,625
298,631
298,633
298,637
298,641
298,645
298,650
298,653
298,658
298,661
298,666
298,671
298,674
298,679
298,680
298,685
298,688
298,692
298,697
298,700
298,705
298,708
298,714
298,718
298,722
298,726
298,730
298,735
298,736
298,741
298,746
298,748
298,753
298,757
298,761
298,766
298,769
298,774
298,777
298,782
298,787
298,790
298,795
298,796
298,832
298,833
298,838
298,843
298,846
320,391
320,393
320,397
320,401
320,405
320,408
320,410
320,417
320,418
320,423
320,430
320,432
320,436
320,440
320,445
320,450
320,453
320,458
320,461
320,466
320,467
320,474
320,478
320,480
320,485
320,488
320,493
320,497
320,500
320,505
320,508
320,513
320,518
320,521
320,526
320,527
320,534
320,535
320,540
320,547
320,549
320,553
320,557
320,560
320,565
320,568
320,573
320,577
320,581
320,584
320,588
320,595
320,597
320,601
320,604
26,3
130,3
0,452
155,3
227,3
298,3
298,442
298,447
298,450
298,455
298,458
298,464
298,330
298,211
298,551
298,554
298,562
298,565
298,570
298,320
298,322
298,528
298,531
298,516
298,469
298,472
298,520
298,478
298,378
298,13
298,16
298,21
298,24
298,29
298,32
298,38
298,386
298,389
298,394
298,397
298,402
298,408
298,410
298,416
298,418
298,424
298,427
298,430
298,432
298,433
298,435
298,436
298,324
298,326
298,327
298,329
298,290
298,292
298,293
298,295
298,297
298,298
298,300
298,301
298,303
298,305
298,306
298,308
298,309
298,311
298,313
298,314
298,316
298,317
298,319
298,128
298,130
298,132
298,133
298,134
298,135
298,137
298,139
298,140
298,142
298,143
298,145
298,146
298,148
298,150
298,151
298,557
298,558
298,481
298,483
298,484
298,486
298,487
298,489
298,490
298,492
298,494
298,495
298,497
298,498
298,500
298,502
298,503
298,505
298,506
298,508
298,509
298,511
298,513
298,535
298,537
298,538
298,540
298,542
298,543
298,545
298,546
298,548
298,600
310,3
218,3
218,1
217,1
218,4
143,1
225,1
225,3
273,1
320,3
320,1
320,5
320,6
320,8
320,9
320,11
320,12
320,14
320,16
320,17
320,19
320,20
320,22
320,24
320,25
320,27
320,28
320,30
320,31
320,33
320,35
320,36
320,65
320,66
320,68
320,70
320,71
320,73
320,74
320,76
320,78
320,79
320,81
320,82
