0,496
0,495
0,494
0,493
0,492
329,35
280,5
280,4
280,3
280,2
280,1
12,2
12,1
280,0
278,4
12,3
278,3
278,2
278,1
278,0
277,9
277,8
277,7
277,6
277,5
277,4
277,3
277,2
277,1
277,0
275,7
275,6
275,5
275,4
275,3
275,2
275,1
275,0
274,3
274,2
274,1
274,0
272,4
272,3
272,2
272,1
272,0
271,6
271,5
271,4
271,3
271,2
271,1
271,0
270,4
270,3
270,2
270,1
270,0
268,4
268,3
268,2
268,1
268,0
267,6
267,5
267,4
267,3
267,2
267,1
267,0
266,5
266,4
266,3
20,2
266,2
266,1
20,1
266,0
263,9
263,8
263,7
263,6
263,5
263,4
263,3
263,2
263,1
20,3
263,0
262,5
262,4
262,3
262,2
262,1
262,0
261,4
261,3
261,2
261,1
261,0
259,3
19,2
259,2
259,1
19,1
259,0
258,4
258,3
258,2
258,1
19,3
258,0
257,4
257,3
257,2
257,1
257,0
255,3
255,2
255,1
255,0
254,3
254,2
254,1
254,0
253,6
253,5
253,4
253,3
253,2
253,1
253,0
252,7
252,6
252,5
252,4
252,3
252,2
252,1
252,0
246,9
246,8
246,7
18,1
246,6
246,1
18,3
246,5
184,16
184,15
184,14
184,13
184,12
184,11
184,10
184,9
14,5
184,1
14,3
184,8
13,1
184,5
13,3
184,4
156,5
156,4
24,1
24,8
14,18
14,17
2,2
14,16
2,1
14,1
2,3
14,15
0,573
0,563
0,562
0,561
0,560
0,557
0,555
0,553
0,552
0,551
0,549
0,548
0,0
329,34
329,33
329,32
329,31
329,30
329,29
329,28
329,27
329,26
329,25
329,24
329,23
329,22
329,21
329,20
